Enemy
4481 2228
7490 1200
800 3896
3590 2040
7490 1100
1010 3896
2500 800
900 3596
8787 3580
65 2980
8000 4000
50 4200
5502 4300
5202 4270
#
Friend
r 3590 2040
y 7490 1100
b 1010 3896
k 8090 4300
#
Medication
r 2500 1200
b 1735 3434
y 6753 319
#
Plaster
r 3755 1231
b 351 3600
y 7894 1124
#
Key
r 1359 344
b 4267 3000
y 2006 2482
#
CityGate
r 2380 2300
y 6200 1300
b 2060 4490
#
JailGate
r 3590 1990
y 7475 1050
b 1010 3850
#
KingGate
k 8070 3780
#
Snow
20 0
400 0
600 0
800 0
1000 0
1400 0
1600 0
1800 0
2000 0
2400 0
2600 0
2800 0
3000 0
3400 0
3500 0
3600 0
3800 0
4000 0
4400 0
4600 0
4800 0
5000 0
5400 0
5600 0
5800 0
6000 0
6400 0
6800 0
7200 0
7600 0
7800 0
8200 0
8400 0
20 4873
400 4873
600 4873
800 4873
1000 4873
1400 4873
1600 4873
1800 4873
2000 4873
2400 4873
2600 4873
2800 4873
3000 4873
3400 4873
3500 4873
3600 4873
3800 4873
4000 4873
4400 4873
4600 4873
4800 4873
5000 4873
5400 4873
5600 4873
5800 4873
6000 4873
6400 4873
6800 4873
7200 4873
7600 4873
7800 4873
8200 4873
8400 4873
20 3255
400 3255
600 3255
800 3255
1000 3255
1300 3255
1500 3255
1700 3255
2500 2580
2800 2580
3400 2580
3800 2580
4200 2580
2500 1055
2800 1055
3400 1050
3800 1050
4200 1050
3200 3561
3560 3561
3950 3561
5400 3954
5660 3954
6250 3954
5500 3024
5760 3024
6350 3024
6250 3954
6400 1670
6800 1670
7200 1670
7600 1670
7800 1670
8200 1670
8400 1670
800 980
20 10
20 400
20 1000
20 1600
20 2000
20 2600
20 3000
20 3600
20 4000
20 4600
8787 10
8787 400
8787 1000
8787 1600
8787 2000
8787 2600
8787 3000
8787 3600
8787 4000
8787 4600
6200 10
6200 400
2090 3200
2080 3600
2080 3800
2380 1000
2380 1500
4766 1000
4766 1400
4766 1800
4766 2200